   0.0000000000000000     
   2.9999999999999999E-002
   5.9999999999999998E-002
   8.9999999999999997E-002
  0.12000000000000000     
  0.14999999999999999     
  0.17999999999999999     
  0.20999999999999999     
  0.23999999999999999     
  0.27000000000000002     
  0.29999999999999999     
  0.32999999999999996     
  0.35999999999999999     
  0.39000000000000001     
  0.41999999999999998     
  0.44999999999999996     
  0.47999999999999998     
  0.51000000000000001     
  0.54000000000000004     
  0.56999999999999995     
  0.59999999999999998     
  0.63000000000000000     
  0.65999999999999992     
  0.68999999999999995     
  0.71999999999999997     
  0.75000000000000000     
  0.78000000000000003     
  0.80999999999999994     
  0.83999999999999997     
  0.87000000000000000     
  0.89999999999999991     
  0.92999999999999994     
  0.95999999999999996     
  0.98999999999999999     
   1.0200000000000000     
   1.0500000000000000     
   1.0800000000000001     
   1.1099999999999999     
   1.1399999999999999     
   1.1699999999999999     
   1.2000000000000000     
   1.2300000000000000     
   1.2600000000000000     
   1.2900000000000000     
   1.3199999999999998     
   1.3499999999999999     
   1.3799999999999999     
   1.4099999999999999     
   1.4399999999999999     
   1.4700000000000000     
   1.5000000000000000     
   1.5300000000000000     
   1.5600000000000001     
   1.5899999999999999     
   1.6199999999999999     
   1.6499999999999999     
   1.6799999999999999     
   1.7100000000000000     
   1.7400000000000000     
   1.7700000000000000     
   1.7999999999999998     
   1.8299999999999998     
   1.8599999999999999     
   1.8899999999999999     
   1.9199999999999999     
   1.9500000000000000     
   1.9800000000000000     
   2.0099999999999998     
   2.0400000000000000     
   2.0699999999999998     
   2.1000000000000001     
   2.1299999999999999     
   2.1600000000000001     
   2.1899999999999999     
   2.2199999999999998     
   2.2500000000000000     
   2.2799999999999998     
   2.3100000000000001     
   2.3399999999999999     
   2.3700000000000001     
   2.3999999999999999     
   2.4299999999999997     
   2.4600000000000000     
   2.4899999999999998     
   2.5200000000000000     
   2.5499999999999998     
   2.5800000000000001     
   2.6099999999999999     
   2.6399999999999997     
   2.6699999999999999     
   2.6999999999999997     
   2.7300000000000000     
   2.7599999999999998     
   2.7900000000000000     
   2.8199999999999998     
   2.8500000000000001     
   2.8799999999999999     
   2.9099999999999997     
   2.9399999999999999     
   2.9699999999999998     
   3.0000000000000000     
   3.0299999999999998     
   3.0600000000000001     
   3.0899999999999999     
   3.1200000000000001     
   3.1499999999999999     
   3.1799999999999997     
   3.2100000000000000     
   3.2399999999999998     
   3.2700000000000000     
   3.2999999999999998     
   3.3300000000000001     
   3.3599999999999999     
   3.3899999999999997     
   3.4199999999999999     
   3.4499999999999997     
   3.4800000000000000     
   3.5099999999999998     
   3.5400000000000000     
   3.5699999999999998     
   3.5999999999999996     
   3.6299999999999999     
   3.6599999999999997     
   3.6899999999999999     
   3.7199999999999998     
   3.7500000000000000     
   3.7799999999999998     
   3.8100000000000001     
   3.8399999999999999     
   3.8699999999999997     
   3.8999999999999999     
   3.9299999999999997     
   3.9600000000000000     
   3.9899999999999998     
   4.0199999999999996     
   4.0499999999999998     
   4.0800000000000001     
   4.1099999999999994     
   4.1399999999999997     
   4.1699999999999999     
   4.2000000000000002     
   4.2299999999999995     
   4.2599999999999998     
   4.2900000000000000     
   4.3200000000000003     
   4.3499999999999996     
   4.3799999999999999     
   4.4100000000000001     
   4.4399999999999995     
   4.4699999999999998     
   4.5000000000000000     
   4.5300000000000002     
   4.5599999999999996     
   4.5899999999999999     
   4.6200000000000001     
   4.6499999999999995     
   4.6799999999999997     
   4.7100000000000000     
   4.7400000000000002     
   4.7699999999999996     
   4.7999999999999998     
   4.8300000000000001     
   4.8599999999999994     
   4.8899999999999997     
   4.9199999999999999     
   4.9500000000000002     
   4.9799999999999995     
   5.0099999999999998     
   5.0400000000000000     
   5.0699999999999994     
   5.0999999999999996     
   5.1299999999999999     
   5.1600000000000001     
   5.1899999999999995     
   5.2199999999999998     
   5.2500000000000000     
   5.2799999999999994     
   5.3099999999999996     
   5.3399999999999999     
   5.3700000000000001     
   5.3999999999999995     
   5.4299999999999997     
   5.4600000000000000     
   5.4900000000000002     
   5.5199999999999996     
   5.5499999999999998     
   5.5800000000000001     
   5.6099999999999994     
   5.6399999999999997     
   5.6699999999999999     
   5.7000000000000002     
   5.7299999999999995     
   5.7599999999999998     
   5.7900000000000000     
   5.8199999999999994     
   5.8499999999999996     
   5.8799999999999999     
   5.9100000000000001     
   5.9399999999999995     
   5.9699999999999998     
   6.0000000000000000     
   6.0299999999999994     
   6.0599999999999996     
   6.0899999999999999     
   6.1200000000000001     
   6.1499999999999995     
   6.1799999999999997     
   6.2100000000000000     
   6.2400000000000002     
   6.2699999999999996     
   6.2999999999999998     
   6.3300000000000001     
   6.3599999999999994     
   6.3899999999999997     
   6.4199999999999999     
   6.4500000000000002     
   6.4799999999999995     
   6.5099999999999998     
   6.5400000000000000     
   6.5699999999999994     
   6.5999999999999996     
   6.6299999999999999     
   6.6600000000000001     
   6.6899999999999995     
   6.7199999999999998     
   6.7500000000000000     
   6.7799999999999994     
   6.8099999999999996     
   6.8399999999999999     
   6.8700000000000001     
   6.8999999999999995     
   6.9299999999999997     
   6.9600000000000000     
   6.9899999999999993     
   7.0199999999999996     
   7.0499999999999998     
   7.0800000000000001     
   7.1099999999999994     
   7.1399999999999997     
   7.1699999999999999     
   7.1999999999999993     
   7.2299999999999995     
   7.2599999999999998     
   7.2900000000000000     
   7.3199999999999994     
   7.3499999999999996     
   7.3799999999999999     
   7.4100000000000001     
   7.4399999999999995     
   7.4699999999999998     
   7.5000000000000000     
   7.5299999999999994     
   7.5599999999999996     
   7.5899999999999999     
   7.6200000000000001     
   7.6499999999999995     
   7.6799999999999997     
   7.7100000000000000     
   7.7399999999999993     
   7.7699999999999996     
   7.7999999999999998     
   7.8300000000000001     
   7.8599999999999994     
   7.8899999999999997     
   7.9199999999999999     
   7.9499999999999993     
   7.9799999999999995     
   8.0099999999999998     
   8.0399999999999991     
   8.0700000000000003     
   8.0999999999999996     
   8.1299999999999990     
   8.1600000000000001     
   8.1899999999999995     
   8.2199999999999989     
   8.2500000000000000     
   8.2799999999999994     
   8.3100000000000005     
   8.3399999999999999     
   8.3699999999999992     
   8.4000000000000004     
   8.4299999999999997     
   8.4599999999999991     
   8.4900000000000002     
   8.5199999999999996     
   8.5499999999999989     
   8.5800000000000001     
   8.6099999999999994     
   8.6400000000000006     
   8.6699999999999999     
   8.6999999999999993     
   8.7300000000000004     
   8.7599999999999998     
   8.7899999999999991     
   8.8200000000000003     
   8.8499999999999996     
   8.8799999999999990     
   8.9100000000000001     
   8.9399999999999995     
   8.9699999999999989     
   9.0000000000000000     
   9.0299999999999994     
   9.0600000000000005     
   9.0899999999999999     
   9.1199999999999992     
   9.1500000000000004     
   9.1799999999999997     
   9.2099999999999991     
   9.2400000000000002     
   9.2699999999999996     
   9.2999999999999989     
   9.3300000000000001     
   9.3599999999999994     
   9.3899999999999988     
   9.4199999999999999     
   9.4499999999999993     
   9.4800000000000004     
   9.5099999999999998     
   9.5399999999999991     
   9.5700000000000003     
   9.5999999999999996     
   9.6299999999999990     
   9.6600000000000001     
   9.6899999999999995     
   9.7199999999999989     
   9.7500000000000000     
   9.7799999999999994     
   9.8100000000000005     
   9.8399999999999999     
   9.8699999999999992     
   9.9000000000000004     
   9.9299999999999997     
   9.9599999999999991     
   9.9900000000000002     
   10.020000000000000     
   10.049999999999999     
   10.080000000000000     
   10.109999999999999     
   10.139999999999999     
   10.170000000000000     
   10.199999999999999     
   10.230000000000000     
   10.260000000000000     
   10.289999999999999     
   10.320000000000000     
   10.350000000000000     
   10.379999999999999     
   10.410000000000000     
   10.440000000000000     
   10.469999999999999     
   10.500000000000000     
   10.529999999999999     
   10.559999999999999     
   10.590000000000000     
   10.619999999999999     
   10.650000000000000     
   10.680000000000000     
   10.709999999999999     
   10.740000000000000     
   10.770000000000000     
   10.799999999999999     
   10.830000000000000     
   10.859999999999999     
   10.889999999999999     
   10.920000000000000     
   10.949999999999999     
   10.980000000000000     
   11.010000000000000     
   11.039999999999999     
   11.070000000000000     
   11.100000000000000     
   11.129999999999999     
   11.160000000000000     
   11.190000000000000     
   11.219999999999999     
   11.250000000000000     
   11.279999999999999     
   11.309999999999999     
   11.340000000000000     
   11.369999999999999     
   11.400000000000000     
   11.430000000000000     
   11.459999999999999     
   11.490000000000000     
   11.520000000000000     
   11.549999999999999     
   11.580000000000000     
   11.609999999999999     
   11.639999999999999     
   11.670000000000000     
   11.699999999999999     
   11.730000000000000     
   11.760000000000000     
   11.789999999999999     
   11.820000000000000     
   11.850000000000000     
   11.879999999999999     
   11.910000000000000     
   11.940000000000000     
   11.969999999999999     
   12.000000000000000     
   12.029999999999999     
   12.059999999999999     
   12.090000000000000     
   12.119999999999999     
   12.150000000000000     
   12.180000000000000     
   12.209999999999999     
   12.240000000000000     
   12.270000000000000     
   12.299999999999999     
   12.330000000000000     
   12.359999999999999     
   12.389999999999999     
   12.420000000000000     
   12.449999999999999     
   12.480000000000000     
   12.510000000000000     
   12.539999999999999     
   12.570000000000000     
   12.600000000000000     
   12.629999999999999     
   12.660000000000000     
   12.690000000000000     
   12.719999999999999     
   12.750000000000000     
   12.779999999999999     
   12.809999999999999     
   12.840000000000000     
   12.869999999999999     
   12.900000000000000     
   12.930000000000000     
   12.959999999999999     
   12.990000000000000     
   13.020000000000000     
   13.049999999999999     
   13.080000000000000     
   13.109999999999999     
   13.139999999999999     
   13.170000000000000     
   13.199999999999999     
   13.229999999999999     
   13.260000000000000     
   13.289999999999999     
   13.320000000000000     
   13.350000000000000     
   13.379999999999999     
   13.410000000000000     
   13.440000000000000     
   13.469999999999999     
   13.500000000000000     
   13.529999999999999     
   13.559999999999999     
   13.590000000000000     
   13.619999999999999     
   13.650000000000000     
   13.680000000000000     
   13.709999999999999     
   13.740000000000000     
   13.770000000000000     
   13.799999999999999     
   13.830000000000000     
   13.859999999999999     
   13.889999999999999     
   13.920000000000000     
   13.949999999999999     
   13.979999999999999     
   14.010000000000000     
   14.039999999999999     
   14.070000000000000     
   14.100000000000000     
   14.129999999999999     
   14.160000000000000     
   14.190000000000000     
   14.219999999999999     
   14.250000000000000     
   14.279999999999999     
   14.309999999999999     
   14.340000000000000     
   14.369999999999999     
   14.399999999999999     
   14.430000000000000     
   14.459999999999999     
   14.490000000000000     
   14.520000000000000     
   14.549999999999999     
   14.580000000000000     
   14.609999999999999     
   14.639999999999999     
   14.670000000000000     
   14.699999999999999     
   14.729999999999999     
   14.760000000000000     
   14.789999999999999     
   14.820000000000000     
   14.850000000000000     
   14.879999999999999     
   14.910000000000000     
   14.940000000000000     
   14.969999999999999     
   15.000000000000000     
   15.029999999999999     
   15.059999999999999     
   15.090000000000000     
   15.119999999999999     
   15.149999999999999     
   15.180000000000000     
   15.209999999999999     
   15.240000000000000     
   15.270000000000000     
   15.299999999999999     
   15.330000000000000     
   15.359999999999999     
   15.389999999999999     
   15.420000000000000     
   15.449999999999999     
   15.479999999999999     
   15.510000000000000     
   15.539999999999999     
   15.570000000000000     
   15.600000000000000     
   15.629999999999999     
   15.660000000000000     
   15.690000000000000     
   15.719999999999999     
   15.750000000000000     
   15.779999999999999     
   15.809999999999999     
   15.840000000000000     
   15.869999999999999     
   15.899999999999999     
   15.930000000000000     
   15.959999999999999     
   15.990000000000000     
   16.020000000000000     
   16.050000000000001     
   16.079999999999998     
   16.109999999999999     
   16.140000000000001     
   16.169999999999998     
   16.199999999999999     
   16.230000000000000     
   16.259999999999998     
   16.289999999999999     
   16.320000000000000     
   16.349999999999998     
   16.379999999999999     
   16.410000000000000     
   16.439999999999998     
   16.469999999999999     
   16.500000000000000     
   16.530000000000001     
   16.559999999999999     
   16.590000000000000     
   16.620000000000001     
   16.649999999999999     
   16.680000000000000     
   16.710000000000001     
   16.739999999999998     
   16.770000000000000     
   16.800000000000001     
   16.829999999999998     
   16.859999999999999     
   16.890000000000001     
   16.919999999999998     
   16.949999999999999     
   16.980000000000000     
   17.009999999999998     
   17.039999999999999     
   17.070000000000000     
   17.099999999999998     
   17.129999999999999     
   17.160000000000000     
   17.189999999999998     
   17.219999999999999     
   17.250000000000000     
   17.280000000000001     
   17.309999999999999     
   17.340000000000000     
   17.370000000000001     
   17.399999999999999     
   17.430000000000000     
   17.460000000000001     
   17.489999999999998     
   17.520000000000000     
   17.550000000000001     
   17.579999999999998     
   17.609999999999999     
   17.640000000000001     
   17.669999999999998     
   17.699999999999999     
   17.730000000000000     
   17.759999999999998     
   17.789999999999999     
   17.820000000000000     
   17.849999999999998     
   17.879999999999999     
   17.910000000000000     
   17.939999999999998     
   17.969999999999999     
   18.000000000000000     
   18.029999999999998     
   18.059999999999999     
   18.090000000000000     
   18.120000000000001     
   18.149999999999999     
   18.180000000000000     
   18.210000000000001     
   18.239999999999998     
   18.270000000000000     
   18.300000000000001     
   18.329999999999998     
   18.359999999999999     
   18.390000000000001     
   18.419999999999998     
   18.449999999999999     
   18.480000000000000     
   18.509999999999998     
   18.539999999999999     
   18.570000000000000     
   18.599999999999998     
   18.629999999999999     
   18.660000000000000     
   18.689999999999998     
   18.719999999999999     
   18.750000000000000     
   18.779999999999998     
   18.809999999999999     
   18.840000000000000     
   18.870000000000001     
   18.899999999999999     
   18.930000000000000     
   18.960000000000001     
   18.989999999999998     
   19.020000000000000     
   19.050000000000001     
   19.079999999999998     
   19.109999999999999     
   19.140000000000001     
   19.169999999999998     
   19.199999999999999     
   19.230000000000000     
   19.259999999999998     
   19.289999999999999     
   19.320000000000000     
   19.349999999999998     
   19.379999999999999     
   19.410000000000000     
   19.439999999999998     
   19.469999999999999     
   19.500000000000000     
   19.529999999999998     
   19.559999999999999     
   19.590000000000000     
   19.620000000000001     
   19.649999999999999     
   19.680000000000000     
   19.710000000000001     
   19.739999999999998     
   19.770000000000000     
   19.800000000000001     
   19.829999999999998     
   19.859999999999999     
   19.890000000000001     
   19.919999999999998     
   19.949999999999999     
   19.980000000000000     
   20.009999999999998     
   20.039999999999999     
   20.070000000000000     
   20.099999999999998     
   20.129999999999999     
   20.160000000000000     
   20.189999999999998     
   20.219999999999999     
   20.250000000000000     
   20.279999999999998     
   20.309999999999999     
   20.340000000000000     
   20.370000000000001     
   20.399999999999999     
   20.430000000000000     
   20.460000000000001     
   20.489999999999998     
   20.520000000000000     
   20.550000000000001     
   20.579999999999998     
   20.609999999999999     
   20.640000000000001     
   20.669999999999998     
   20.699999999999999     
   20.730000000000000     
   20.759999999999998     
   20.789999999999999     
   20.820000000000000     
   20.849999999999998     
   20.879999999999999     
   20.910000000000000     
   20.939999999999998     
   20.969999999999999     
   21.000000000000000     
   21.029999999999998     
   21.059999999999999     
   21.090000000000000     
   21.119999999999997     
   21.149999999999999     
   21.180000000000000     
   21.210000000000001     
   21.239999999999998     
   21.270000000000000     
   21.300000000000001     
   21.329999999999998     
   21.359999999999999     
   21.390000000000001     
   21.419999999999998     
   21.449999999999999     
   21.480000000000000     
   21.509999999999998     
   21.539999999999999     
   21.570000000000000     
   21.599999999999998     
   21.629999999999999     
   21.660000000000000     
   21.689999999999998     
   21.719999999999999     
   21.750000000000000     
   21.779999999999998     
   21.809999999999999     
   21.840000000000000     
   21.869999999999997     
   21.899999999999999     
   21.930000000000000     
   21.960000000000001     
   21.989999999999998     
   22.020000000000000     
   22.050000000000001     
   22.079999999999998     
   22.109999999999999     
   22.140000000000001     
   22.169999999999998     
   22.199999999999999     
   22.230000000000000     
   22.259999999999998     
   22.289999999999999     
   22.320000000000000     
   22.349999999999998     
   22.379999999999999     
   22.410000000000000     
   22.439999999999998     
   22.469999999999999     
   22.500000000000000     
   22.529999999999998     
   22.559999999999999     
   22.590000000000000     
   22.619999999999997     
   22.649999999999999     
   22.680000000000000     
   22.710000000000001     
   22.739999999999998     
   22.770000000000000     
   22.800000000000001     
   22.829999999999998     
   22.859999999999999     
   22.890000000000001     
   22.919999999999998     
   22.949999999999999     
   22.980000000000000     
   23.009999999999998     
   23.039999999999999     
   23.070000000000000     
   23.099999999999998     
   23.129999999999999     
   23.160000000000000     
   23.189999999999998     
   23.219999999999999     
   23.250000000000000     
   23.279999999999998     
   23.309999999999999     
   23.340000000000000     
   23.369999999999997     
   23.399999999999999     
   23.430000000000000     
   23.460000000000001     
   23.489999999999998     
   23.520000000000000     
   23.550000000000001     
   23.579999999999998     
   23.609999999999999     
   23.640000000000001     
   23.669999999999998     
   23.699999999999999     
   23.730000000000000     
   23.759999999999998     
   23.789999999999999     
   23.820000000000000     
   23.849999999999998     
   23.879999999999999     
   23.910000000000000     
   23.939999999999998     
   23.969999999999999     
   24.000000000000000     
   24.029999999999998     
   24.059999999999999     
   24.090000000000000     
   24.119999999999997     
   24.149999999999999     
   24.180000000000000     
   24.210000000000001     
   24.239999999999998     
   24.270000000000000     
   24.300000000000001     
   24.329999999999998     
   24.359999999999999     
   24.390000000000001     
   24.419999999999998     
   24.449999999999999     
   24.480000000000000     
   24.509999999999998     
   24.539999999999999     
   24.570000000000000     
   24.599999999999998     
   24.629999999999999     
   24.660000000000000     
   24.689999999999998     
   24.719999999999999     
   24.750000000000000     
   24.779999999999998     
   24.809999999999999     
   24.840000000000000     
   24.869999999999997     
   24.899999999999999     
   24.930000000000000     
   24.960000000000001     
   24.989999999999998     
   25.020000000000000     
   25.050000000000001     
   25.079999999999998     
   25.109999999999999     
   25.140000000000001     
   25.169999999999998     
   25.199999999999999     
   25.230000000000000     
   25.259999999999998     
   25.289999999999999     
   25.320000000000000     
   25.349999999999998     
   25.379999999999999     
   25.410000000000000     
   25.439999999999998     
   25.469999999999999     
   25.500000000000000     
   25.529999999999998     
   25.559999999999999     
   25.590000000000000     
   25.619999999999997     
   25.649999999999999     
   25.680000000000000     
   25.709999999999997     
   25.739999999999998     
   25.770000000000000     
   25.800000000000001     
   25.829999999999998     
   25.859999999999999     
   25.890000000000001     
   25.919999999999998     
   25.949999999999999     
   25.980000000000000     
   26.009999999999998     
   26.039999999999999     
   26.070000000000000     
   26.099999999999998     
   26.129999999999999     
   26.160000000000000     
   26.189999999999998     
   26.219999999999999     
   26.250000000000000     
   26.279999999999998     
   26.309999999999999     
   26.340000000000000     
   26.369999999999997     
   26.399999999999999     
   26.430000000000000     
   26.459999999999997     
   26.489999999999998     
   26.520000000000000     
   26.550000000000001     
   26.579999999999998     
   26.609999999999999     
   26.640000000000001     
   26.669999999999998     
   26.699999999999999     
   26.730000000000000     
   26.759999999999998     
   26.789999999999999     
   26.820000000000000     
   26.849999999999998     
   26.879999999999999     
   26.910000000000000     
   26.939999999999998     
   26.969999999999999     
   27.000000000000000     
   27.029999999999998     
   27.059999999999999     
   27.090000000000000     
   27.119999999999997     
   27.149999999999999     
   27.180000000000000     
   27.209999999999997     
   27.239999999999998     
   27.270000000000000     
   27.300000000000001     
   27.329999999999998     
   27.359999999999999     
   27.390000000000001     
   27.419999999999998     
   27.449999999999999     
   27.480000000000000     
   27.509999999999998     
   27.539999999999999     
   27.570000000000000     
   27.599999999999998     
   27.629999999999999     
   27.660000000000000     
   27.689999999999998     
   27.719999999999999     
   27.750000000000000     
   27.779999999999998     
   27.809999999999999     
   27.840000000000000     
   27.869999999999997     
   27.899999999999999     
   27.930000000000000     
   27.959999999999997     
   27.989999999999998     
   28.020000000000000     
   28.050000000000001     
   28.079999999999998     
   28.109999999999999     
   28.140000000000001     
   28.169999999999998     
   28.199999999999999     
   28.230000000000000     
   28.259999999999998     
   28.289999999999999     
   28.320000000000000     
   28.349999999999998     
   28.379999999999999     
   28.410000000000000     
   28.439999999999998     
   28.469999999999999     
   28.500000000000000     
   28.529999999999998     
   28.559999999999999     
   28.590000000000000     
   28.619999999999997     
   28.649999999999999     
   28.680000000000000     
   28.709999999999997     
   28.739999999999998     
   28.770000000000000     
   28.799999999999997     
   28.829999999999998     
   28.859999999999999     
   28.890000000000001     
   28.919999999999998     
   28.949999999999999     
   28.980000000000000     
   29.009999999999998     
   29.039999999999999     
   29.070000000000000     
   29.099999999999998     
   29.129999999999999     
   29.160000000000000     
   29.189999999999998     
   29.219999999999999     
   29.250000000000000     
   29.279999999999998     
   29.309999999999999     
   29.340000000000000     
   29.369999999999997     
   29.399999999999999     
   29.430000000000000     
   29.459999999999997     
   29.489999999999998     
   29.520000000000000     
   29.549999999999997     
   29.579999999999998     
   29.609999999999999     
   29.640000000000001     
   29.669999999999998     
   29.699999999999999     
   29.730000000000000     
   29.759999999999998     
   29.789999999999999     
   29.820000000000000     
   29.849999999999998     
   29.879999999999999     
   29.910000000000000     
   29.939999999999998     
   29.969999999999999     
   30.000000000000000     
