   1.0000000000000000        0.0000000000000000     
   1.0100000000000000        0.0000000000000000     
   1.0200000000000000        0.0000000000000000     
   1.0300000000000000        0.0000000000000000     
   1.0400000000000000        0.0000000000000000     
   1.0500000000000000        0.0000000000000000     
   1.0600000000000001        0.0000000000000000     
   1.0700000000000001        0.0000000000000000     
   1.0800000000000001        0.0000000000000000     
   1.0900000000000001        0.0000000000000000     
   1.1000000000000001        0.0000000000000000     
   1.1100000000000001        0.0000000000000000     
   1.1200000000000001        0.0000000000000000     
   1.1299999999999999        0.0000000000000000     
   1.1400000000000001        0.0000000000000000     
   1.1499999999999999        0.0000000000000000     
   1.1599999999999999        0.0000000000000000     
   1.1699999999999999        0.0000000000000000     
   1.1799999999999999        29.489999999999998     
   1.1899999999999999        28.050000000000001     
   1.2000000000000000        26.759999999999998     
   1.2100000000000000        25.559999999999999     
   1.2200000000000000        24.509999999999998     
   1.2300000000000000        23.520000000000000     
   1.2400000000000000        22.619999999999997     
   1.2500000000000000        21.809999999999999     
   1.2600000000000000        21.029999999999998     
   1.2700000000000000        20.340000000000000     
   1.2800000000000000        19.680000000000000     
   1.2900000000000000        19.079999999999998     
   1.3000000000000000        18.480000000000000     
   1.3100000000000001        17.969999999999999     
   1.3200000000000001        17.460000000000001     
   1.3300000000000001        16.980000000000000     
   1.3400000000000001        16.530000000000001     
   1.3500000000000001        16.109999999999999     
   1.3599999999999999        15.719999999999999     
   1.3700000000000001        15.330000000000000     
   1.3799999999999999        15.000000000000000     
   1.3900000000000001        14.639999999999999     
   1.3999999999999999        14.340000000000000     
   1.4099999999999999        14.010000000000000     
   1.4199999999999999        13.740000000000000     
   1.4299999999999999        13.440000000000000     
   1.4399999999999999        13.170000000000000     
   1.4500000000000000        12.930000000000000     
   1.4600000000000000        12.690000000000000     
   1.4700000000000000        12.449999999999999     
   1.4800000000000000        12.209999999999999     
   1.4900000000000000        12.000000000000000     
   1.5000000000000000        11.789999999999999     
   1.5100000000000000        11.609999999999999     
   1.5200000000000000        11.400000000000000     
   1.5300000000000000        11.219999999999999     
   1.5400000000000000        11.039999999999999     
   1.5500000000000000        10.859999999999999     
   1.5600000000000001        10.709999999999999     
   1.5699999999999998        10.529999999999999     
   1.5800000000000001        10.379999999999999     
   1.5899999999999999        10.230000000000000     
   1.6000000000000001        10.080000000000000     
   1.6099999999999999        9.9599999999999991     
   1.6200000000000001        9.8100000000000005     
   1.6299999999999999        9.6899999999999995     
   1.6400000000000001        9.5399999999999991     
   1.6499999999999999        9.4199999999999999     
   1.6600000000000001        9.2999999999999989     
   1.6699999999999999        9.1799999999999997     
   1.6800000000000002        9.0600000000000005     
   1.6899999999999999        8.9699999999999989     
   1.7000000000000000        8.8499999999999996     
   1.7100000000000000        8.7599999999999998     
   1.7200000000000000        8.6400000000000006     
   1.7300000000000000        8.5499999999999989     
   1.7400000000000000        8.4599999999999991     
   1.7500000000000000        8.3399999999999999     
   1.7600000000000000        8.2500000000000000     
   1.7700000000000000        8.1600000000000001     
   1.7800000000000000        8.0700000000000003     
   1.7900000000000000        8.0099999999999998     
   1.8000000000000000        7.9199999999999999     
   1.8100000000000001        7.8300000000000001     
   1.8199999999999998        7.7399999999999993     
   1.8300000000000001        7.6799999999999997     
   1.8399999999999999        7.5899999999999999     
   1.8500000000000001        7.5299999999999994     
   1.8599999999999999        7.4399999999999995     
   1.8700000000000001        7.3799999999999999     
   1.8799999999999999        7.3199999999999994     
   1.8900000000000001        7.2299999999999995     
   1.8999999999999999        7.1699999999999999     
   1.9100000000000001        7.1099999999999994     
   1.9199999999999999        7.0499999999999998     
   1.9300000000000002        6.9899999999999993     
   1.9399999999999999        6.9299999999999997     
   1.9500000000000000        6.8700000000000001     
   1.9600000000000000        6.8099999999999996     
   1.9700000000000000        6.7500000000000000     
   1.9800000000000000        6.6899999999999995     
   1.9900000000000000        6.6299999999999999     
   2.0000000000000000        6.5699999999999994     
